0
0 5
6
0 1 16
0 2 13
1 3 12
2 1 4
2 4 14
3 2 9
3 5 20
4 3 7
4 5 4
0
0 5
6
0 1 16
0 2 13
1 3 12
2 1 4
2 4 14
3 2 9
3 5 20
4 3 7
4 5 4
0
0 5
6
0 1 16
0 2 13
1 3 12
2 1 4
2 4 14
3 2 9
3 5 20
4 3 7
4 5 4
0
0 5
6
0 1 16
0 2 13
1 3 12
2 1 4
2 4 14
3 2 9
3 5 20
4 3 7
4 5 4
0
0 5
6
0 1 16
0 2 13
1 3 12
2 1 4
2 4 14
3 2 9
3 5 20
4 3 7
4 5 4
0
0 5
6
0 1 16
0 2 13
1 3 12
2 1 4
2 4 14
3 2 9
3 5 20
4 3 7
4 5 4
0
0 5
6
0 1 16
0 2 13
1 3 12
2 1 4
2 4 14
3 2 9
3 5 20
4 3 7
4 5 4
0
0 5
6
0 1 16
0 2 13
1 3 12
2 1 4
2 4 14
3 2 9
3 5 20
4 3 7
4 5 4
0
0 5
6
0 1 16
0 2 13
1 3 12
2 1 4
2 4 14
3 2 9
3 5 20
4 3 7
4 5 4
0
0 5
6
0 1 16
0 2 13
1 3 12
2 1 4
2 4 14
3 2 9
3 5 20
4 3 7
4 5 4
0
0 5
6
0 1 16
0 2 13
1 3 12
2 1 4
2 4 14
3 2 9
3 5 20
4 3 7
4 5 4
0
0 5
6
0 1 16
0 2 13
1 3 12
2 1 4
2 4 14
3 2 9
3 5 20
4 3 7
4 5 4
0
0 5
6
0 1 16
0 2 13
1 3 12
2 1 4
2 4 14
3 2 9
3 5 20
4 3 7
4 5 4
0
0 5
6
0 1 16
0 2 13
1 3 12
2 1 4
2 4 14
3 2 9
3 5 20
4 3 7
4 5 4
16
0 5
6
0 1 16
0 2 13
1 3 12
2 1 4
2 4 14
3 2 9
3 5 20
4 3 7
4 5 4
16
0 5
6
0 1 16
0 2 13
1 3 12
2 1 4
2 4 14
3 2 9
3 5 20
4 3 7
4 5 4
16
0 5
6
0 1 16
0 2 13
1 3 12
2 1 4
2 4 14
3 2 9
3 5 20
4 3 7
4 5 4
16
0 5
6
0 1 16
0 2 13
1 3 12
2 1 4
2 4 14
3 2 9
3 5 20
4 3 7
4 5 4
20
0 5
6
0 1 16
0 2 13
1 3 12
2 1 4
2 4 14
3 2 9
3 5 20
4 3 7
4 5 4
27
0 5
6
0 1 16
0 2 13
1 3 12
2 1 4
2 4 14
3 2 9
3 5 20
4 3 7
4 5 4
27
0 5
6
0 1 16
0 2 13
1 3 12
2 1 4
2 4 14
3 2 9
3 5 20
4 3 7
4 5 4
27
0 5
6
0 1 16
0 2 13
1 3 12
2 1 4
2 4 14
3 2 9
3 5 20
4 3 7
4 5 4
27
0 5
6
0 1 16
0 2 13
1 3 12
2 1 4
2 4 14
3 2 9
3 5 20
4 3 7
4 5 4
27
0 5
6
0 1 16
0 2 13
1 3 12
2 1 4
2 4 14
3 2 9
3 5 20
4 3 7
4 5 4
27
0 5
6
0 1 16
0 2 13
1 3 12
2 1 4
2 4 14
3 2 9
3 5 20
4 3 7
4 5 4
27
0 5
6
0 1 16
0 2 13
1 3 12
2 1 4
2 4 14
3 2 9
3 5 20
4 3 7
4 5 4
23
0 5
6
0 1 16
0 2 13
1 3 12
2 1 4
2 4 14
3 2 9
3 5 20
4 3 7
4 5 4
23
0 5
6
0 1 16
0 2 13
1 3 12
2 1 4
2 4 14
3 2 9
3 5 20
4 3 7
4 5 4
2
0 5
6
0 1 1
0 2 1
1 2 0
1 3 1
2 3 1
2 4 0
3 5 1
3 4 1
4 5 1
