2
0 0
2
0 1 2
0
0 0
2
0 1 2
0
0 0
2
1 0 5
5
0 0
2
1 0 5
2
0 0
2
0 1 2
1 0 5
5
0 0
2
0 1 2
1 0 5
10
0 0
8
0 1 10
1 2 10
2 3 10
3 4 10
4 5 10
5 6 10
6 7 10
10
0 0
8
0 1 10
1 2 10
2 3 10
3 4 10
4 5 10
5 6 10
6 7 10
50
0 0
7
0 1 10
0 2 10
0 3 10
0 4 10
0 5 10
1 6 10
2 6 10
3 6 10
4 6 10
5 6 10
10
0 0
7
0 1 10
0 2 10
0 3 10
0 4 10
0 5 10
1 6 10
2 6 10
3 6 10
4 6 10
5 6 10
1000
0 0
5
0 1 1000
0 2 1000
1 2 1
1 4 1000
3 4 1000
2001
0 0
4
0 1 1000
0 2 1000
1 2 1
1 3 1000
2 3 1000
16
0 0
8
0 1 4
0 2 5
0 3 7
1 4 7
2 4 6
2 5 5
2 6 1
3 5 8
3 6 1
4 7 7
5 7 6
6 7 4
2
0 0
2
0 1 2
0
0 0
2
0 1 2
0
0 0
2
1 0 5
5
0 0
2
1 0 5
2
0 0
2
0 1 2
1 0 5
5
0 0
2
0 1 2
1 0 5
10
0 0
8
0 1 10
1 2 10
2 3 10
3 4 10
4 5 10
5 6 10
6 7 10
10
0 0
8
0 1 10
1 2 10
2 3 10
3 4 10
4 5 10
5 6 10
6 7 10
50
0 0
7
0 1 10
0 2 10
0 3 10
0 4 10
0 5 10
1 6 10
2 6 10
3 6 10
4 6 10
5 6 10
10
0 0
7
0 1 10
0 2 10
0 3 10
0 4 10
0 5 10
1 6 10
2 6 10
3 6 10
4 6 10
5 6 10
1000
0 0
5
0 1 1000
0 2 1000
1 2 1
1 4 1000
3 4 1000
2000
0 0
4
0 1 1000
0 2 1000
1 2 1
1 3 1000
2 3 1000
15
0 0
8
0 1 4
0 2 5
0 3 7
1 4 7
2 4 6
2 5 5
2 6 1
3 5 8
3 6 1
4 7 7
5 7 6
6 7 4
2
0 0
2
0 1 2
0
0 0
2
0 1 2
0
0 0
2
1 0 5
5
0 0
2
1 0 5
2
0 0
2
0 1 2
1 0 5
5
0 0
2
0 1 2
1 0 5
10
0 0
8
0 1 10
1 2 10
2 3 10
3 4 10
4 5 10
5 6 10
6 7 10
10
0 0
8
0 1 10
1 2 10
2 3 10
3 4 10
4 5 10
5 6 10
6 7 10
50
0 0
7
0 1 10
0 2 10
0 3 10
0 4 10
0 5 10
1 6 10
2 6 10
3 6 10
4 6 10
5 6 10
10
0 0
7
0 1 10
0 2 10
0 3 10
0 4 10
0 5 10
1 6 10
2 6 10
3 6 10
4 6 10
5 6 10
1000
0 0
5
0 1 1000
0 2 1000
1 2 1
1 4 1000
3 4 1000
2000
0 0
4
0 1 1000
0 2 1000
1 2 1
1 3 1000
2 3 1000
15
0 0
8
0 1 4
0 2 5
0 3 7
1 4 7
2 4 6
2 5 5
2 6 1
3 5 8
3 6 1
4 7 7
5 7 6
6 7 4
2
0 0
2
0 1 2
0
0 0
2
0 1 2
0
0 0
2
1 0 5
5
0 0
2
1 0 5
2
0 0
2
0 1 2
1 0 5
5
0 0
2
0 1 2
1 0 5
10
0 0
8
0 1 10
1 2 10
2 3 10
3 4 10
4 5 10
5 6 10
6 7 10
10
0 0
8
0 1 10
1 2 10
2 3 10
3 4 10
4 5 10
5 6 10
6 7 10
50
0 0
7
0 1 10
0 2 10
0 3 10
0 4 10
0 5 10
1 6 10
2 6 10
3 6 10
4 6 10
5 6 10
10
0 0
7
0 1 10
0 2 10
0 3 10
0 4 10
0 5 10
1 6 10
2 6 10
3 6 10
4 6 10
5 6 10
1000
0 0
5
0 1 1000
0 2 1000
1 2 1
1 4 1000
3 4 1000
2000
0 0
4
0 1 1000
0 2 1000
1 2 1
1 3 1000
2 3 1000
15
0 0
8
0 1 4
0 2 5
0 3 7
1 4 7
2 4 6
2 5 5
2 6 1
3 5 8
3 6 1
4 7 7
5 7 6
6 7 4
2
0 0
2
0 1 2
0
0 0
2
0 1 2
0
0 0
2
1 0 5
5
0 0
2
1 0 5
2
0 0
2
0 1 2
1 0 5
5
0 0
2
0 1 2
1 0 5
10
0 0
8
0 1 10
1 2 10
2 3 10
3 4 10
4 5 10
5 6 10
6 7 10
10
0 0
8
0 1 10
1 2 10
2 3 10
3 4 10
4 5 10
5 6 10
6 7 10
50
0 0
7
0 1 10
0 2 10
0 3 10
0 4 10
0 5 10
1 6 10
2 6 10
3 6 10
4 6 10
5 6 10
10
0 0
7
0 1 10
0 2 10
0 3 10
0 4 10
0 5 10
1 6 10
2 6 10
3 6 10
4 6 10
5 6 10
1000
0 0
5
0 1 1000
0 2 1000
1 2 1
1 4 1000
3 4 1000
2000
0 0
4
0 1 1000
0 2 1000
1 2 1
1 3 1000
2 3 1000
15
0 0
8
0 1 4
0 2 5
0 3 7
1 4 7
2 4 6
2 5 5
2 6 1
3 5 8
3 6 1
4 7 7
5 7 6
6 7 4
