0
0 5
6
0 1 16
0 2 13
1 3 12
2 1 4
2 4 14
3 2 9
3 5 20
4 3 7
4 5 4
0
0 5
6
0 1 16
0 2 13
1 3 12
2 1 4
2 4 14
3 2 9
3 5 20
4 3 7
4 5 4
0
0 5
6
0 1 16
0 2 13
1 3 12
2 1 4
2 4 14
3 2 9
3 5 20
4 3 7
4 5 4
0
0 5
6
0 1 16
0 2 13
1 3 12
2 1 4
2 4 14
3 2 9
3 5 20
4 3 7
4 5 4
0
0 5
6
0 1 16
0 2 13
1 3 12
2 1 4
2 4 14
3 2 9
3 5 20
4 3 7
4 5 4
0
0 5
6
0 1 16
0 2 13
1 3 12
2 1 4
2 4 14
3 2 9
3 5 20
4 3 7
4 5 4
0
0 5
6
0 1 16
0 2 13
1 3 12
2 1 4
2 4 14
3 2 9
3 5 20
4 3 7
4 5 4
0
0 5
6
0 1 16
0 2 13
1 3 12
2 1 4
2 4 14
3 2 9
3 5 20
4 3 7
4 5 4
0
0 5
6
0 1 16
0 2 13
1 3 12
2 1 4
2 4 14
3 2 9
3 5 20
4 3 7
4 5 4
0
0 5
6
0 1 16
0 2 13
1 3 12
2 1 4
2 4 14
3 2 9
3 5 20
4 3 7
4 5 4
0
0 5
6
0 1 16
0 2 13
1 3 12
2 1 4
2 4 14
3 2 9
3 5 20
4 3 7
4 5 4
0
0 5
6
0 1 16
0 2 13
1 3 12
2 1 4
2 4 14
3 2 9
3 5 20
4 3 7
4 5 4
0
0 5
6
0 1 16
0 2 13
1 3 12
2 1 4
2 4 14
3 2 9
3 5 20
4 3 7
4 5 4
0
0 5
6
0 1 16
0 2 13
1 3 12
2 1 4
2 4 14
3 2 9
3 5 20
4 3 7
4 5 4
16
0 5
6
0 1 16
0 2 13
1 3 12
2 1 4
2 4 14
3 2 9
3 5 20
4 3 7
4 5 4
16
0 5
6
0 1 16
0 2 13
1 3 12
2 1 4
2 4 14
3 2 9
3 5 20
4 3 7
4 5 4
16
0 5
6
0 1 16
0 2 13
1 3 12
2 1 4
2 4 14
3 2 9
3 5 20
4 3 7
4 5 4
16
0 5
6
0 1 16
0 2 13
1 3 12
2 1 4
2 4 14
3 2 9
3 5 20
4 3 7
4 5 4
20
0 5
6
0 1 16
0 2 13
1 3 12
2 1 4
2 4 14
3 2 9
3 5 20
4 3 7
4 5 4
27
0 5
6
0 1 16
0 2 13
1 3 12
2 1 4
2 4 14
3 2 9
3 5 20
4 3 7
4 5 4
27
0 5
6
0 1 16
0 2 13
1 3 12
2 1 4
2 4 14
3 2 9
3 5 20
4 3 7
4 5 4
27
0 5
6
0 1 16
0 2 13
1 3 12
2 1 4
2 4 14
3 2 9
3 5 20
4 3 7
4 5 4
27
0 5
6
0 1 16
0 2 13
1 3 12
2 1 4
2 4 14
3 2 9
3 5 20
4 3 7
4 5 4
27
0 5
6
0 1 16
0 2 13
1 3 12
2 1 4
2 4 14
3 2 9
3 5 20
4 3 7
4 5 4
27
0 5
6
0 1 16
0 2 13
1 3 12
2 1 4
2 4 14
3 2 9
3 5 20
4 3 7
4 5 4
27
0 5
6
0 1 16
0 2 13
1 3 12
2 1 4
2 4 14
3 2 9
3 5 20
4 3 7
4 5 4
23
0 5
6
0 1 16
0 2 13
1 3 12
2 1 4
2 4 14
3 2 9
3 5 20
4 3 7
4 5 4
23
0 5
6
0 1 16
0 2 13
1 3 12
2 1 4
2 4 14
3 2 9
3 5 20
4 3 7
4 5 4
2
0 5
6
0 1 1
0 2 1
1 2 0
1 3 1
2 3 1
2 4 0
3 5 1
3 4 1
4 5 1
4
0 5
6
0 1 3
0 2 1
1 2 2
1 3 1
2 3 3
2 4 0
3 5 3
3 4 1
4 5 1
4
0 5
6
0 1 3
0 2 1
1 2 2
1 3 1
2 3 3
2 4 0
3 5 3
3 4 1
4 5 1
6
0 5
6
0 1 3
0 2 3
1 2 0
1 3 3
2 3 3
2 4 0
3 5 3
3 4 3
4 5 3
6
0 5
6
0 1 3
0 2 3
1 2 0
1 3 3
2 3 3
2 4 0
3 5 3
3 4 3
4 5 3
6
0 5
6
0 1 3
0 2 3
1 2 0
1 3 3
2 3 3
2 4 0
3 5 3
3 4 3
4 5 3
6
0 5
6
0 1 6
0 2 0
1 2 4
1 3 2
2 3 3
2 4 1
3 5 3
3 4 2
4 5 3
6
0 5
6
0 1 6
0 2 0
1 2 4
1 3 2
2 3 3
2 4 1
3 5 3
3 4 2
4 5 3
6
0 5
6
0 1 6
0 2 0
1 2 4
1 3 2
2 3 3
2 4 1
3 5 3
3 4 2
4 5 3
6
0 5
6
0 1 6
0 2 0
1 2 6
1 3 0
2 3 6
2 4 0
3 5 3
3 4 3
4 5 3
6
0 5
6
0 1 6
0 2 0
1 2 6
1 3 0
2 3 6
2 4 0
3 5 3
3 4 3
4 5 3
6
0 5
6
0 1 6
0 2 0
1 2 6
1 3 0
2 3 6
2 4 0
3 5 3
3 4 3
4 5 3
11
0 5
6
0 1 8
0 2 3
1 2 5
1 3 3
2 3 8
2 4 0
3 5 3
3 4 8
4 5 8
11
0 5
6
0 1 8
0 2 3
1 2 5
1 3 3
2 3 8
2 4 0
3 5 3
3 4 8
4 5 8
11
0 5
6
0 1 8
0 2 3
1 2 5
1 3 3
2 3 8
2 4 0
3 5 3
3 4 8
4 5 8
11
0 5
6
0 1 8
0 2 3
1 2 5
1 3 3
2 3 8
2 4 0
3 5 3
3 4 8
4 5 8
6
0 5
6
0 1 6
0 2 0
1 2 6
1 3 0
2 3 6
2 4 0
3 5 3
3 4 3
4 5 3
11
0 5
6
0 1 8
0 2 3
1 2 5
1 3 3
2 3 8
2 4 0
3 5 10
3 4 1
4 5 1
11
0 5
6
0 1 8
0 2 3
1 2 5
1 3 3
2 3 8
2 4 0
3 5 10
3 4 1
4 5 1
9
0 5
6
0 1 8
0 2 1
1 2 7
1 3 1
2 3 8
2 4 0
3 5 9
3 4 0
4 5 0
4
0 5
6
0 1 3
0 2 1
1 2 2
1 3 1
2 3 3
2 4 0
3 5 4
3 4 0
4 5 0
8
0 5
6
0 1 7
0 2 1
1 2 6
1 3 1
2 3 7
2 4 0
3 5 8
3 4 0
4 5 0
8
0 5
6
0 1 7
0 2 1
1 2 6
1 3 1
2 3 7
2 4 0
3 5 8
3 4 0
4 5 0
8
0 5
6
0 1 7
0 2 1
1 2 6
1 3 1
2 3 7
2 4 0
3 5 8
3 4 0
4 5 0
8
0 5
6
0 1 7
0 2 1
1 2 6
1 3 1
2 3 7
2 4 0
3 5 8
3 4 0
4 5 0
9
0 5
6
0 1 8
0 2 1
1 2 7
1 3 1
2 3 8
2 4 0
3 5 9
3 4 0
4 5 0
8
0 5
6
0 1 6
0 2 2
1 2 4
1 3 2
2 3 6
2 4 0
3 5 8
3 4 0
4 5 0
8
0 5
6
0 1 6
0 2 2
1 2 1
1 3 5
2 3 1
2 4 2
3 5 6
3 4 0
4 5 2
8
0 5
6
0 1 6
0 2 2
1 2 1
1 3 5
2 3 1
2 4 2
3 5 6
3 4 0
4 5 2
5
0 5
6
0 1 5
0 2 0
1 2 3
1 3 2
2 3 1
2 4 2
3 5 3
3 4 0
4 5 2
8
0 5
6
0 1 6
0 2 2
1 2 1
1 3 5
2 3 1
2 4 2
3 5 6
3 4 0
4 5 2
8
0 5
6
0 1 6
0 2 2
1 2 1
1 3 5
2 3 0
2 4 3
3 5 5
3 4 0
4 5 3
8
0 5
6
0 1 6
0 2 2
1 2 1
1 3 5
2 3 1
2 4 2
3 5 6
3 4 0
4 5 2
8
0 5
6
0 1 6
0 2 2
1 2 1
1 3 5
2 3 1
2 4 2
3 5 6
3 4 0
4 5 2
8
0 5
6
0 1 6
0 2 2
1 2 1
1 3 5
2 3 1
2 4 2
3 5 6
3 4 0
4 5 2
6
0 5
6
0 1 5
0 2 1
1 2 3
1 3 2
2 3 2
2 4 2
3 5 4
3 4 0
4 5 2
6
0 5
6
0 1 5
0 2 1
1 2 3
1 3 2
2 3 2
2 4 2
3 5 4
3 4 0
4 5 2
6
0 5
6
0 1 5
0 2 1
1 2 3
1 3 2
2 3 2
2 4 2
3 5 4
3 4 0
4 5 2
6
0 5
6
0 1 5
0 2 1
1 2 3
1 3 2
2 3 2
2 4 2
3 5 4
3 4 0
4 5 2
6
0 5
6
0 1 5
0 2 1
1 2 3
1 3 2
2 3 2
2 4 2
3 5 4
3 4 0
4 5 2
6
0 5
6
0 1 5
0 2 1
1 2 3
1 3 2
2 3 2
2 4 2
3 5 4
3 4 0
4 5 2
6
0 5
6
0 1 5
0 2 1
1 2 3
1 3 2
2 3 2
2 4 2
3 5 4
3 4 0
4 5 2
7
0 5
6
0 1 5
0 2 2
1 2 3
1 3 2
2 3 2
2 4 3
3 5 4
3 4 0
4 5 3
7
0 5
6
0 1 5
0 2 2
1 2 3
1 3 2
2 3 2
2 4 3
3 5 4
3 4 0
4 5 3
7
0 5
6
0 1 5
0 2 2
1 2 3
1 3 2
2 3 2
2 4 3
3 5 4
3 4 0
4 5 3
5
0 5
6
0 1 5
0 2 0
1 2 3
1 3 2
2 3 0
2 4 3
3 5 2
3 4 0
4 5 3
7
0 5
6
0 1 5
0 2 2
1 2 3
1 3 2
2 3 3
2 4 2
3 5 5
3 4 0
4 5 2
7
0 5
6
0 1 5
0 2 2
1 2 3
1 3 2
2 3 3
2 4 2
3 5 5
3 4 0
4 5 2
8
0 5
6
0 1 6
0 2 2
1 2 3
1 3 3
2 3 2
2 4 3
3 5 5
3 4 0
4 5 3
9
0 5
6
0 1 6
0 2 3
1 2 3
1 3 3
2 3 3
2 4 3
3 5 5
3 4 1
4 5 4
8
0 5
6
0 1 6
0 2 2
1 2 3
1 3 3
2 3 2
2 4 3
3 5 4
3 4 1
4 5 4
